Shape Information:
Circle:
  Center: (5.000000,5.000000)
  Radius: 2.500000
  Area: 19.634937

Rectangle:
  Top-Left: (0.000000,0.000000)
  Bottom-Right: (4.000000,3.000000)
  Area: -12.000000

Rectangle:
  Top-Left: (10.000000,10.000000)
  Bottom-Right: (15.000000,12.000000)
  Area: -10.000000

Distance between rect1 and rect2: 14.142136
